-2 18 -2 88 -2 74 -2 1 -1 74 -1 94 -2 50 -1 83 -1 48 -1 78 -1 21 -1 85 -2 44 -2 23 -2 
75 -2 36 -2 9 -1 76 -1 85 -1 23 -1 10 -2 26 -2 76 -2 69 -1 51 -1 19 -1 85 -1 33 -1 55 
-1 92 -2 42 -2 66 -2 82 -1 9 -1 7 -1 56 -2 63 -2 94 -1 97 -1 30 -2 25 -1 59 -2 3 -2 
53 -2 18 -2 84 -1 73 -2 34 -1 28 -1 1 -1 90 -2 88 -2 91 -1 60 -1 11 -2 96 -1 20 -1 100 
-2 89 -2 95 -1 40 -1 62 -1 2 -2 77 -1 99 -2 38 -2 17 -2 96 -2 72 -2 87 -1 72 -2 99 -2 
95 -1 9 -1 28 -1 45 -1 31 -1 48 -2 79 -2 11 -1 46 -2 11 -1 100 -1 97 -2 63 -2 54 -2 39 
-1 92 -2 22 -1 62 -1 5 -1 49 -1 14 -2 6 -2 62 -1 31 -2 95 -2 61 -2 29 -1 3 -1 95 -1 
22 -2 19 -2 89 -1 81 -2 21 -1 1 -2 20 -2 76 -1 18 -1 50 -1 12 -1 68 -1 97 -1 34 -1 18 
-2 41 -2 91 -2 95 -2 76 -2 99 -2 51 -2 87 -2 11 -2 29 -2 88 -2 22 -1 98 -1 99 -1 100 -1 
3 -1 34 -1 79 -1 88 -1 13 -2 61 -1 68 -2 53 -2 93 -2 74 -1 39 -2 16 -1 78 -1 7 -2 44 
-2 41 -2 48 -2 96 -2 96 -2 51 -1 12 -2 64 -2 42 -1 64 -2 65 -2 29 -2 7 -2 88 -2 44 -2 
98 -1 66 -2 62 -2 21 -1 93 -2 20 -2 14 -1 74 -1 0 -1 4 -2 97 -2 48 -1 80 -1 15 -2 67 
-1 76 -2 95 -2 67 -1 15 -1 92 -1 93 -2 13 -1 24 -2 36 -1 45 -1 47 -1 3 -1 91 -2 67 -2 
42 -1 43 -1 25 -1 34 -1 38 -2 95 -1 20 -1 22 -2 11 -2 94 -1 51 -2 0 -1 46 -1 68 -2 39 
-1 79 -1 76 -2 15 -1 73 -2 19 -2 91 -1 53 -1 5 -1 20 -2 34 -1 23 -2 72 -1 7 -1 13 -2 
91 -1 5 -1 78 -2 93 -1 64 -1 8 -1 76 -1 6 -1 34 -2 0 -1 67 -2 1 -2 20 -1 69 -2 33 
-1 35 -2 6 -2 39 -2 96 -2 17 -2 0 -1 21 -2 11 -2 46 -2 67 -2 2 -1 97 -1 56 -1 30 -2 
62 -1 94 -2 69 -1 80 -2 96 -1 87 -1 50 -1 73 -2 61 -1 49 -1 53 -1 81 -2 5 -2 90 -2 43 
-2 63 -1 91 -1 50 -1 63 -1 76 -2 66 -1 29 -1 87 -1 85 -1 10 -1 60 -2 18 -1 21 -2 53 -2 
21 -1 21 -1 69 -2 44 -2 28 -1 6 -2 100 -1 29 -1 64 -2 97 -2 50 -1 27 -1 63 -2 42 -2 85 
-2 60 -1 3 -1 89 -1 79 -2 23 -2 7 -1 13 -2 6 -2 80 -2 12 -2 82 -1 25 -2 68 -2 67 -1 
100 -1 20 -1 28 -2 50 -2 48 -2 98 -1 17 -2 62 -2 73 -2 27 -1 79 -1 31 -1 3 -2 3 -2 55 
-2 73 -2 56 -1 70 -1 92 -1 81 -1 1 -2 39 -2 79 -1 84 -1 81 -1 84 -2 55 -1 79 -2 17 -2 
89 -1 69 -2 48 -1 39 -1 8 -2 44 -1 57 -1 17 -1 41 -2 2 -2 56 -1 100 -2 82 -1 81 -2 49 
-2 51 -2 27 -2 93 -2 10 -1 89 -2 69 -1 94 -2 88 -1 54 -2 21 -2 66 -1 4 -2 0 -2 54 -1 
50 -1 98 -1 84 -1 42 -2 77 -2 73 -2 79 -1 23 -1 8 -2 20 -1 30 -1 56 -2 8 -1 88 -2 41 
-1 17 -1 36 -1 59 -1 73 -1 8 -2 95 -2 82 -1 95 -2 19 -1 80 -2 65 -1 64 -2 92 -1 100 -1 
97 -2 23 -2 64 -2 94 -1 17 -1 16 -1 6 -2 93 -1 82 -1 93 -2 2 -1 7 -1 62 -2 24 -1 25 
-1 26 -1 45 -1 69 -2 17 -1 52 -1 60 -2 76 -1 95 -1 73 -1 54 -1 15 -1 23 -2 66 -2 98 -2 
