-2 42 -2 72 -2 12 -2 67 -2 44 -2 17 -2 51 -2 86 -2 16 -2 28 -2 30 -2 38 -2 94 -2 27 -2 
9 -2 89 -2 70 -2 20 -2 53 -2 49 -2 78 -2 38 -2 54 -2 30 -2 31 -2 0 -2 9 -2 64 -2 15 
-2 28 -2 47 -2 57 -2 6 -2 11 -2 53 -2 19 -2 7 -2 97 -2 80 -2 52 -2 98 -2 64 -2 2 -2 
83 -2 97 -2 19 -2 29 -2 84 -2 18 -2 42 -2 15 -2 5 -2 92 -2 60 -2 53 -2 32 -2 28 -2 4 
-2 56 -2 58 -2 28 -2 60 -2 100 -2 41 -2 29 -2 80 -2 43 -2 57 -2 5 -2 49 -2 53 -2 79 -2 
6 -2 41 -2 46 -2 1 -2 66 -2 18 -2 34 -2 96 -2 9 -2 62 -2 45 -2 96 -2 64 -2 7 -2 85 
-2 49 -2 99 -2 9 -2 70 -2 62 -2 28 -2 8 -2 95 -2 40 -2 0 -2 44 -2 28 -2 72 -2 77 -2 
84 -2 1 -2 37 -2 66 -2 40 -2 41 -2 93 -2 59 -2 29 -2 62 -2 29 -2 6 -2 77 -2 96 -2 98 
-2 35 -2 10 -2 14 -2 18 -2 32 -2 36 -2 84 -2 82 -2 15 -2 71 -2 57 -2 53 -2 78 -2 60 -2 
14 -2 85 -2 89 -2 83 -2 35 -2 99 -2 42 -2 96 -2 35 -2 48 -2 17 -2 3 -2 72 -2 62 -2 47 
-2 61 -2 4 -2 88 -2 87 -2 87 -2 38 -2 90 -2 6 -2 46 -2 86 -2 77 -2 12 -2 61 -2 40 -2 
23 -2 50 -2 50 -2 22 -2 86 -2 28 -2 4 -2 13 -2 58 -2 32 -2 4 -2 94 -2 46 -2 89 -2 6 
-2 12 -2 79 -2 52 -2 95 -2 9 -2 74 -2 97 -2 7 -2 43 -2 79 -2 90 -2 24 -2 87 -2 47 -2 
91 -2 72 -2 46 -2 71 -2 51 -2 32 -2 67 -2 13 -2 87 -2 26 -2 85 -2 88 -2 18 -2 25 -2 84 
-2 31 -2 85 -2 37 -2 95 -2 44 -2 10 -2 9 -2 79 -2 83 -2 60 -2 16 -2 20 -2 89 -2 87 -2 
98 -2 32 -2 45 -2 44 -2 62 -2 79 -2 16 -2 42 -2 96 -2 32 -2 8 -2 88 -2 5 -2 85 -2 64 
-2 94 -2 32 -2 86 -2 23 -2 63 -2 70 -2 33 -2 74 -2 36 -2 46 -2 67 -2 60 -2 53 -2 1 -2 
15 -2 7 -2 35 -2 26 -2 42 -2 5 -2 31 -2 51 -2 39 -2 27 -2 81 -2 69 -2 38 -2 53 -2 30 
-2 72 -2 55 -2 10 -2 50 -2 65 -2 90 -2 19 -2 65 -2 0 -2 9 -2 39 -2 44 -2 78 -2 77 -2 
8 -2 39 -2 55 -2 27 -2 1 -2 18 -2 85 -2 62 -2 89 -2 37 -2 86 -2 42 -2 49 -2 34 -2 98 
-2 21 -2 35 -2 7 -2 1 -2 66 -2 10 -2 25 -2 82 -2 0 -2 41 -2 69 -2 36 -2 80 -2 4 -2 
62 -2 71 -2 11 -2 61 -2 37 -2 5 -2 72 -2 32 -2 51 -2 30 -2 65 -2 92 -2 56 -2 73 -2 5 
-2 84 -2 66 -2 1 -2 62 -2 53 -2 39 -2 38 -2 25 -2 86 -2 16 -2 54 -2 58 -2 89 -2 3 -2 
60 -2 0 -2 81 -2 41 -2 71 -2 34 -2 29 -2 57 -2 26 -2 32 -2 9 -2 5 -2 92 -2 18 -2 56 
-2 32 -2 54 -2 2 -2 5 -2 68 -2 6 -2 64 -2 10 -2 32 -2 1 -2 87 -2 84 -2 66 -2 41 -2 
0 -2 9 -2 54 -2 3 -2 32 -2 63 -2 40 -2 7 -2 91 -2 20 -2 0 -2 20 -2 34 -2 9 -2 82 
-2 32 -2 32 -2 39 -2 62 -2 71 -2 44 -2 1 -2 31 -2 74 -2 17 -2 89 -2 4 -2 84 -2 8 -2 
13 -2 4 -2 57 -2 4 -2 97 -2 78 -2 21 -2 72 -2 100 -2 41 -2 99 -2 21 -2 18 -2 21 -2 73 
-2 62 -2 54 -2 87 -2 50 -2 60 -2 10 -2 82 -2 78 -2 16 -2 66 -2 53 -2 63 -2 16 -2 42 -2 
