-2 43 -2 29 -2 12 -1 76 -2 2 -1 18 -2 95 -2 8 -1 38 -2 54 -2 60 -1 53 -1 18 -1 2 -2 
73 -2 79 -1 12 -1 64 -2 91 -1 28 -1 84 -1 63 -2 77 -2 75 -2 89 -2 46 -2 15 -1 46 -2 39 
-2 75 -1 13 -1 7 -1 95 -2 51 -1 34 -1 38 -2 55 -1 62 -2 39 -2 73 -1 11 -1 28 -1 98 -1 
18 -1 60 -1 24 -2 68 -2 42 -1 56 -2 10 -1 6 -2 58 -2 65 -2 78 -2 40 -1 23 -2 20 -2 8 
-2 97 -2 6 -2 84 -2 87 -2 30 -1 81 -1 36 -1 100 -2 72 -2 5 -2 17 -2 71 -2 54 -1 33 -2 
17 -1 87 -2 45 -1 84 -1 86 -1 67 -1 98 -2 37 -1 15 -2 7 -1 11 -2 34 -2 3 -1 63 -1 40 
-1 4 -1 66 -1 2 -2 5 -2 49 -2 100 -2 10 -1 5 -1 24 -1 61 -1 7 -1 98 -1 23 -1 48 -1 
43 -2 87 -1 96 -2 93 -1 67 -1 27 -1 3 -2 2 -2 52 -1 34 -1 56 -1 6 -2 17 -1 5 -1 59 
-1 76 -1 0 -2 35 -1 11 -1 88 -2 89 -2 90 -2 27 -2 21 -2 13 -1 17 -1 85 -1 50 -1 17 -1 
10 -1 70 -1 56 -2 69 -1 94 -2 85 -2 46 -1 52 -2 76 -2 64 -1 39 -2 25 -2 69 -2 30 -1 95 
-1 49 -2 14 -2 58 -2 34 -1 77 -2 92 -1 57 -1 54 -2 34 -1 71 -2 95 -2 28 -1 10 -2 41 -1 
39 -2 97 -1 41 -2 79 -2 31 -1 36 -2 3 -2 26 -1 69 -2 26 -2 9 -1 94 -2 75 -1 74 -2 3 
-1 46 -2 56 -2 34 -2 33 -2 2 -2 29 -2 7 -1 44 -2 32 -2 58 -1 0 -1 36 -1 77 -2 36 -1 
12 -2 74 -1 83 -2 24 -2 32 -2 57 -1 41 -1 5 -1 94 -2 92 -2 24 -1 90 -1 9 -2 72 -1 52 
-1 48 -1 4 -1 75 -1 50 -2 2 -2 48 -1 57 -1 4 -1 1 -1 90 -1 58 -1 20 -2 63 -2 32 -1 
43 -2 3 -2 82 -2 35 -2 24 -2 76 -2 78 -1 77 -1 36 -1 54 -1 99 -1 76 -1 56 -2 53 -1 1 
-2 15 -2 23 -1 100 -2 21 -2 54 -2 82 -2 3 -2 86 -1 72 -2 24 -1 63 -2 1 -2 89 -1 61 -2 
65 -1 88 -2 61 -1 2 -2 38 -1 37 -2 69 -2 24 -1 4 -1 39 -2 84 -2 100 -1 0 -1 70 -1 85 
-2 34 -2 71 -1 48 -2 28 -1 23 -2 5 -2 26 -1 56 -1 87 -1 80 -2 86 -1 71 -2 16 -1 13 -2 
30 -2 75 -1 100 -2 55 -2 55 -1 77 -2 46 -1 32 -1 62 -1 37 -2 47 -1 25 -2 10 -1 75 -1 78 
-1 28 -1 76 -2 53 -1 43 -2 78 -2 49 -1 54 -2 71 -1 85 -2 31 -1 2 -2 61 -1 76 -1 87 -2 
41 -2 55 -1 38 -1 35 -1 8 -1 99 -1 24 -1 15 -1 10 -1 77 -1 64 -1 55 -1 38 -2 92 -2 35 
-2 76 -1 10 -2 35 -1 32 -2 60 -2 13 -2 49 -2 41 -2 70 -2 84 -2 76 -1 95 -2 60 -2 36 -2 
36 -2 80 -2 0 -1 19 -1 56 -1 71 -1 82 -1 43 -1 81 -1 50 -1 92 -1 13 -1 52 -1 48 -2 98 
-1 88 -1 27 -2 35 -1 21 -2 24 -2 29 -2 73 -1 32 -1 33 -1 61 -2 35 -1 74 -2 63 -1 70 -1 
36 -2 39 -1 16 -2 11 -1 25 -1 84 -1 27 -1 34 -1 18 -2 19 -1 39 -2 19 -1 74 -1 34 -1 3 
-2 73 -2 56 -2 61 -2 59 -2 1 -1 5 -1 18 -2 61 -1 26 -2 77 -2 97 -2 1 -2 5 -2 85 -1 
34 -2 43 -2 98 -1 9 -1 73 -2 75 -1 71 -2 72 -2 84 -1 48 -1 49 -2 0 -1 5 -2 97 -2 22 
-2 90 -1 95 -2 45 -2 13 -1 35 -2 56 -2 47 -1 45 -2 76 -1 31 -2 18 -2 35 -2 15 -2 24 -2 
