-2 52 -2 59 -2 52 -1 42 -1 36 -2 89 -1 79 -1 1 -1 92 -2 98 -1 21 -1 19 -2 4 -1 45 -2 
28 -2 91 -1 15 -1 72 -2 36 -2 95 -2 2 -1 66 -2 49 -1 61 -2 28 -2 69 -1 13 -2 1 -2 78 
-2 84 -2 81 -2 32 -1 67 -2 26 -1 61 -1 60 -2 16 -1 52 -1 21 -1 42 -1 65 -1 91 -2 66 -2 
15 -1 60 -2 9 -2 54 -1 26 -2 42 -2 81 -2 24 -1 71 -1 9 -2 24 -1 33 -2 96 -2 34 -2 64 
-2 61 -2 81 -2 13 -2 83 -2 25 -1 24 -1 7 -1 92 -1 4 -2 46 -2 40 -2 20 -1 41 -1 95 -2 
71 -2 78 -1 27 -1 74 -1 49 -1 43 -2 20 -2 53 -2 62 -2 54 -1 49 -1 84 -1 97 -2 68 -2 40 
-1 36 -2 90 -1 26 -1 100 -2 40 -2 45 -2 98 -1 37 -2 14 -1 75 -2 9 -1 33 -1 71 -1 50 -2 
71 -1 25 -1 66 -1 5 -1 38 -2 92 -1 60 -1 37 -2 91 -1 38 -1 98 -2 31 -2 20 -1 99 -1 61 
-1 71 -1 88 -1 13 -1 14 -1 27 -1 59 -2 13 -2 12 -2 21 -1 10 -1 3 -2 30 -2 89 -2 12 -2 
95 -2 28 -1 42 -2 33 -1 36 -1 99 -2 10 -2 43 -2 16 -2 8 -2 81 -2 17 -2 10 -2 0 -1 95 
-2 30 -2 48 -1 57 -1 31 -1 46 -1 64 -1 13 -2 80 -2 98 -1 23 -1 24 -2 78 -1 44 -1 12 -2 
19 -1 81 -2 16 -1 90 -2 78 -2 34 -2 85 -2 91 -2 23 -1 13 -2 9 -1 74 -1 31 -1 96 -2 3 
-2 5 -1 97 -1 100 -2 67 -1 34 -2 87 -2 80 -2 7 -1 49 -2 74 -1 67 -2 39 -1 90 -1 51 -2 
45 -1 38 -2 67 -2 100 -1 71 -2 37 -2 76 -2 12 -1 81 -2 32 -2 72 -2 17 -1 93 -1 10 -1 91 
-2 41 -2 86 -2 34 -2 55 -2 95 -1 88 -2 89 -2 9 -2 1 -2 10 -1 54 -2 48 -1 52 -1 83 -2 
56 -1 97 -1 49 -2 59 -1 78 -2 17 -2 19 -2 56 -2 72 -1 10 -2 26 -1 46 -2 9 -2 38 -2 27 
-1 19 -2 29 -2 35 -1 73 -2 99 -1 97 -2 0 -1 30 -1 100 -2 54 -2 7 -2 22 -2 57 -2 97 -1 
54 -2 92 -2 2 -2 11 -2 9 -1 38 -2 87 -2 55 -1 78 -1 60 -2 99 -1 64 -2 61 -1 66 -2 94 
-1 88 -1 33 -1 98 -1 91 -1 51 -1 42 -2 68 -1 42 -1 49 -2 40 -1 76 -1 43 -2 69 -2 58 -1 
9 -2 99 -1 7 -1 87 -2 14 -2 60 -1 46 -1 66 -2 39 -2 99 -2 8 -1 34 -2 100 -1 51 -2 22 
-1 24 -1 25 -2 64 -2 24 -2 83 -2 66 -1 85 -1 85 -1 83 -1 50 -2 49 -1 99 -2 52 -2 19 -2 
83 -1 40 -2 13 -1 86 -2 20 -1 33 -1 39 -2 16 -2 97 -1 47 -1 27 -1 15 -2 37 -1 43 -2 46 
-2 23 -1 0 -2 9 -1 61 -2 18 -2 63 -1 4 -1 67 -2 31 -1 80 -2 42 -2 46 -1 82 -2 36 -2 
100 -2 85 -2 72 -2 63 -1 96 -1 97 -2 84 -1 68 -2 28 -2 35 -2 90 -1 0 -1 22 -1 6 -1 48 
-2 15 -2 81 -1 19 -1 50 -2 77 -2 53 -2 90 -1 67 -2 40 -2 20 -1 12 -1 73 -2 61 -2 73 -2 
23 -1 9 -1 69 -1 82 -2 91 -2 11 -1 56 -2 58 -1 90 -1 8 -2 67 -2 45 -2 73 -1 92 -1 15 
-1 54 -1 27 -1 9 -1 36 -2 54 -1 12 -1 30 -2 55 -1 47 -2 27 -2 88 -2 41 -1 87 -2 52 -2 
73 -2 29 -2 13 -2 93 -2 8 -1 79 -2 23 -1 74 -1 96 -1 57 -2 91 -1 48 -1 23 -2 42 -2 27 
-1 49 -2 26 -1 18 -2 64 -1 88 -1 41 -2 85 -1 75 -1 92 -2 9 -2 68 -1 2 -1 7 -2 11 -2 
