-2 37 -2 6 -2 6 -1 22 -1 90 -1 48 -1 79 -1 13 -2 52 -2 85 -1 80 -1 68 -1 65 -1 87 -2 
28 -2 17 -1 98 -1 99 -2 0 -1 47 -2 20 -1 25 -1 35 -1 98 -1 54 -2 10 -2 100 -2 6 -2 12 
-1 48 -2 16 -2 41 -1 46 -1 82 -1 38 -1 37 -1 16 -1 29 -2 40 -2 17 -1 99 -1 18 -2 72 -1 
20 -2 91 -1 92 -1 11 -1 8 -2 43 -2 10 -1 55 -2 30 -1 32 -2 68 -1 70 -2 79 -1 30 -2 63 
-1 75 -2 20 -1 64 -2 93 -1 23 -1 61 -1 57 -2 92 -2 50 -1 66 -2 44 -1 74 -1 22 -2 87 -2 
45 -1 81 -1 79 -1 85 -2 64 -1 8 -1 99 -2 35 -1 69 -2 45 -2 95 -2 97 -2 6 -1 56 -2 15 
-2 6 -2 18 -2 18 -2 34 -1 63 -1 57 -2 83 -2 54 -2 68 -2 43 -1 71 -2 95 -1 51 -1 18 -2 
33 -1 13 -2 3 -1 94 -2 56 -2 34 -1 22 -1 97 -1 20 -1 48 -2 29 -1 43 -1 43 -1 7 -1 59 
-1 6 -1 78 -1 42 -2 47 -2 85 -2 96 -2 63 -1 87 -1 61 -1 44 -2 70 -1 90 -2 2 -2 72 -2 
63 -2 73 -2 98 -1 81 -1 3 -1 31 -1 8 -2 15 -2 13 -1 96 -1 5 -2 23 -1 14 -1 88 -2 79 
-1 88 -2 63 -2 40 -2 20 -2 65 -2 13 -1 66 -1 38 -1 63 -2 84 -2 58 -2 68 -1 72 -1 69 -2 
40 -1 65 -2 19 -1 5 -2 85 -1 5 -1 56 -2 7 -1 29 -1 83 -2 50 -1 83 -1 96 -1 13 -1 71 
-2 81 -1 81 -2 80 -1 69 -2 3 -2 75 -2 64 -2 39 -1 22 -1 63 -1 8 -1 11 -1 67 -1 57 -2 
30 -1 94 -1 56 -1 77 -2 51 -2 8 -1 54 -2 3 -2 25 -1 29 -1 52 -2 56 -2 61 -1 57 -1 94 
-2 74 -2 95 -2 53 -1 69 -2 30 -1 31 -1 13 -2 29 -2 93 -1 77 -1 85 -1 30 -1 6 -1 81 -1 
71 -2 69 -1 5 -1 3 -1 35 -2 16 -1 43 -1 84 -1 38 -2 63 -2 100 -1 64 -2 93 -2 78 -1 77 
-1 90 -2 83 -1 0 -2 3 -2 96 -1 16 -2 68 -2 83 -2 64 -1 25 -1 16 -1 42 -1 85 -2 39 -1 
84 -1 29 -1 12 -2 19 -2 41 -1 35 -2 79 -1 20 -2 97 -2 90 -1 60 -2 93 -2 46 -2 28 -1 20 
-2 16 -2 37 -2 88 -2 61 -2 13 -2 18 -2 41 -2 31 -1 86 -2 9 -1 83 -1 23 -1 43 -2 34 -1 
84 -1 34 -2 43 -2 64 -1 39 -1 13 -1 34 -1 4 -1 82 -2 36 -1 0 -1 34 -1 57 -1 53 -1 26 
-2 32 -2 67 -2 84 -1 2 -1 24 -2 50 -2 85 -2 57 -1 33 -2 39 -2 84 -1 42 -2 8 -2 27 -2 
69 -2 27 -2 62 -2 48 -2 30 -2 74 -2 58 -2 0 -1 65 -1 9 -1 77 -2 87 -1 39 -2 28 -1 24 
-2 57 -1 31 -1 44 -2 7 -2 0 -2 7 -2 73 -2 34 -2 25 -2 27 -1 25 -1 97 -1 80 -1 5 -2 
58 -2 44 -1 25 -1 43 -2 6 -1 25 -1 20 -1 29 -2 71 -1 45 -2 26 -1 14 -1 69 -1 21 -1 67 
-2 97 -2 51 -2 74 -2 14 -2 75 -2 100 -1 17 -2 46 -2 72 -2 4 -2 34 -2 61 -2 92 -2 20 -1 
61 -1 16 -2 5 -2 52 -2 47 -2 73 -1 45 -1 34 -2 8 -1 47 -2 93 -2 52 -1 79 -2 9 -2 60 
-2 50 -2 19 -2 22 -2 2 -2 69 -2 45 -2 71 -1 62 -1 13 -2 100 -2 81 -1 63 -1 84 -2 33 -2 
40 -1 52 -1 91 -2 71 -1 62 -1 36 -1 38 -2 79 -1 74 -1 33 -1 52 -1 63 -2 50 -1 79 -1 81 
-1 51 -2 11 -1 31 -1 3 -1 17 -2 0 -2 20 -1 31 -2 77 -1 88 -2 93 -2 33 -1 81 -2 32 -2 
