-2 5 -2 78 -2 5 -2 24 -1 75 -2 3 -2 87 -2 48 -1 44 -2 82 -1 100 -1 35 -2 24 -1 38 -1 
60 -1 44 -2 14 -2 67 -1 66 -1 48 -2 27 -2 35 -1 58 -1 30 -2 67 -1 77 -2 67 -1 73 -2 29 
-2 82 -2 65 -1 19 -2 0 -2 100 -2 20 -1 71 -1 69 -2 82 -2 61 -2 16 -2 4 -1 42 -1 43 -2 
69 -1 28 -2 0 -1 99 -2 77 -1 68 -1 35 -2 29 -2 96 -1 44 -1 29 -1 89 -1 78 -2 15 -1 30 
-2 47 -2 78 -1 61 -1 1 -1 86 -2 34 -1 84 -2 26 -2 55 -2 44 -2 72 -2 78 -2 56 -1 85 -2 
99 -1 38 -2 97 -2 23 -2 96 -1 83 -1 21 -1 24 -2 73 -1 24 -1 58 -1 9 -1 61 -1 91 -1 79 
-1 39 -1 94 -1 29 -2 57 -2 11 -2 27 -2 60 -1 12 -2 19 -1 100 -1 94 -1 29 -1 7 -2 78 -1 
12 -2 36 -1 92 -1 74 -1 20 -1 53 -2 75 -1 7 -2 20 -1 97 -2 26 -1 87 -2 68 -1 27 -1 41 
-2 39 -1 8 -2 60 -2 34 -1 26 -2 37 -1 83 -1 25 -2 83 -1 23 -1 28 -1 36 -2 16 -1 66 -1 
0 -1 86 -2 62 -2 60 -1 33 -1 2 -2 100 -2 23 -1 99 -2 73 -1 96 -1 32 -1 2 -2 21 -2 92 
-2 36 -1 38 -2 36 -2 75 -2 13 -2 30 -2 78 -2 71 -2 68 -1 86 -1 7 -2 2 -1 88 -2 45 -1 
31 -2 65 -1 43 -2 96 -2 4 -1 19 -1 68 -2 99 -1 74 -1 95 -1 16 -2 27 -2 92 -1 50 -1 6 
-2 20 -1 15 -1 45 -1 34 -2 19 -1 25 -2 18 -2 5 -2 67 -2 32 -2 48 -2 35 -2 37 -2 55 -1 
26 -2 60 -2 87 -1 52 -1 98 -1 6 -2 36 -2 45 -1 14 -2 56 -1 68 -1 73 -1 35 -1 47 -1 40 
-2 65 -1 100 -1 98 -1 46 -1 24 -2 1 -2 64 -1 2 -2 52 -2 1 -2 97 -2 82 -2 41 -1 49 -1 
57 -1 26 -1 7 -2 79 -2 81 -1 85 -1 85 -1 40 -2 0 -2 31 -1 29 -2 27 -1 16 -1 94 -2 93 
-1 49 -1 58 -2 6 -2 46 -2 26 -2 66 -2 60 -1 27 -1 6 -1 22 -1 37 -2 46 -2 93 -1 53 -1 
82 -1 26 -2 41 -1 4 -2 84 -1 60 -1 11 -2 30 -2 52 -2 61 -2 61 -1 92 -1 92 -2 48 -1 55 
-2 73 -1 84 -1 91 -2 36 -2 75 -2 69 -2 97 -2 14 -1 60 -1 90 -1 34 -2 59 -1 69 -1 1 -2 
63 -2 96 -1 67 -1 100 -1 66 -1 8 -1 85 -1 58 -2 68 -1 99 -1 21 -2 5 -2 9 -1 89 -1 62 
-2 63 -2 96 -1 19 -2 1 -2 40 -2 44 -2 57 -1 61 -2 82 -2 63 -2 33 -2 12 -2 5 -1 64 -2 
16 -2 90 -1 31 -1 49 -1 72 -1 86 -1 91 -1 26 -1 97 -1 26 -1 85 -2 81 -1 59 -1 67 -2 15 
-2 81 -1 61 -2 18 -2 79 -1 25 -1 100 -2 93 -2 71 -1 86 -1 71 -1 29 -1 18 -2 29 -2 37 -1 
61 -2 2 -1 63 -1 11 -1 28 -2 33 -1 35 -1 7 -1 54 -1 6 -2 60 -2 91 -1 95 -2 43 -1 30 
-2 76 -2 11 -1 100 -2 78 -2 8 -2 30 -1 74 -2 55 -2 56 -2 39 -1 81 -1 46 -1 100 -2 23 -2 
48 -2 59 -1 15 -2 2 -2 27 -2 54 -1 8 -2 45 -2 47 -2 82 -1 21 -1 8 -2 64 -1 25 -1 70 
-1 13 -2 30 -1 88 -2 55 -1 57 -1 42 -1 10 -1 37 -1 64 -1 42 -2 48 -2 97 -2 18 -2 48 -2 
44 -1 41 -2 73 -2 92 -1 8 -2 99 -2 57 -2 85 -2 31 -1 0 -1 29 -1 31 -1 41 -1 51 -1 53 
-1 92 -2 10 -1 35 -1 55 -1 96 -2 42 -1 71 -1 56 -2 4 -1 28 -1 95 -1 45 -2 41 -2 29 -2 
