-2 70 -2 48 -2 30 -2 80 -2 42 -2 87 -2 35 -2 12 -1 23 -2 0 -1 73 -1 26 -1 54 -2 71 -1 
43 -2 60 -2 57 -2 54 -1 81 -1 45 -2 77 -2 53 -1 71 -1 10 -2 59 -2 71 -2 77 -1 10 -1 9 
-2 56 -1 17 -2 96 -1 90 -1 33 -1 68 -1 15 -2 39 -2 28 -1 23 -2 17 -1 69 -2 22 -2 57 -1 
26 -1 2 -1 66 -2 55 -1 54 -1 90 -2 70 -1 44 -2 17 -2 75 -1 60 -2 17 -1 80 -1 13 -1 35 
-1 33 -1 69 -1 33 -2 62 -2 90 -2 68 -2 1 -2 56 -2 0 -1 39 -1 3 -1 88 -2 11 -1 24 -1 
1 -2 56 -1 13 -1 99 -2 68 -2 56 -1 2 -1 69 -1 65 -2 53 -1 100 -1 28 -2 76 -1 2 -2 80 
-2 12 -1 62 -1 34 -2 88 -2 45 -1 6 -1 29 -2 0 -1 16 -1 3 -2 67 -2 11 -1 63 -2 74 -1 
11 -2 43 -2 3 -1 97 -1 0 -2 17 -2 61 -2 84 -1 65 -1 75 -1 100 -2 77 -2 8 -2 6 -1 37 
-2 10 -2 99 -2 47 -2 33 -2 58 -1 16 -2 4 -2 66 -1 52 -1 83 -2 83 -1 2 -2 46 -1 5 -1 
27 -1 31 -2 19 -2 18 -2 85 -1 79 -1 92 -2 43 -1 48 -1 69 -1 11 -1 58 -1 50 -1 15 -1 25 
-2 45 -1 25 -2 81 -2 67 -1 100 -1 33 -2 10 -2 53 -2 48 -1 89 -2 77 -2 66 -2 8 -1 6 -1 
84 -1 25 -1 44 -1 83 -1 57 -2 78 -2 96 -1 51 -2 47 -1 26 -1 27 -1 36 -1 28 -2 86 -1 12 
-1 6 -1 75 -1 98 -1 40 -1 12 -2 2 -1 57 -1 30 -2 75 -1 99 -1 48 -2 52 -2 82 -2 46 -1 
8 -1 91 -1 26 -1 61 -2 95 -2 95 -1 1 -2 90 -1 45 -2 81 -2 74 -2 54 -1 50 -1 16 -1 25 
-1 56 -2 8 -1 24 -2 80 -1 42 -1 41 -1 36 -1 58 -2 28 -2 85 -2 44 -1 65 -2 93 -2 26 -2 
13 -1 43 -1 86 -2 59 -2 31 -1 21 -2 70 -1 98 -1 4 -1 21 -1 59 -2 91 -2 57 -1 78 -2 90 
-1 28 -1 31 -1 13 -1 54 -1 79 -1 7 -1 11 -2 22 -2 38 -2 48 -2 3 -2 92 -2 98 -2 84 -1 
30 -1 38 -2 98 -2 29 -2 49 -2 31 -2 47 -1 84 -1 62 -2 66 -1 81 -1 33 -2 68 -2 50 -2 92 
-2 65 -1 57 -2 96 -1 64 -2 71 -2 25 -2 33 -1 11 -1 2 -1 38 -2 95 -2 35 -2 27 -1 68 -1 
97 -1 41 -1 96 -2 9 -2 87 -2 63 -1 37 -2 21 -1 92 -1 13 -1 68 -1 20 -1 23 -2 16 -2 62 
-2 67 -2 5 -2 54 -2 87 -1 94 -1 94 -1 23 -2 68 -2 26 -1 82 -1 55 -2 69 -2 97 -2 19 -2 
8 -1 6 -1 24 -2 23 -2 63 -1 28 -1 62 -1 84 -1 77 -1 44 -2 30 -1 56 -2 42 -1 45 -2 98 
-2 91 -2 43 -2 46 -2 42 -1 55 -2 78 -1 40 -1 47 -1 80 -1 46 -1 70 -2 38 -1 15 -2 29 -2 
67 -2 91 -2 61 -2 100 -1 3 -1 6 -1 72 -1 68 -2 70 -1 6 -1 36 -1 73 -2 25 -1 94 -2 4 
-2 80 -2 82 -1 60 -2 99 -2 7 -1 87 -2 69 -1 84 -2 72 -1 29 -2 5 -2 52 -1 97 -1 85 -2 
7 -2 11 -1 67 -2 11 -1 91 -2 13 -1 38 -1 33 -1 2 -2 26 -2 56 -2 47 -2 100 -2 58 -2 96 
-1 75 -1 7 -2 92 -1 81 -2 54 -1 54 -2 96 -1 18 -2 84 -2 16 -1 22 -1 40 -1 0 -1 30 -2 
87 -2 30 -1 63 -2 90 -1 80 -1 88 -2 36 -2 71 -2 74 -2 38 -2 70 -2 79 -1 19 -1 50 -1 9 
-1 37 -2 88 -2 63 -2 51 -2 1 -2 25 -2 92 -1 74 -2 61 -2 29 -1 53 -1 67 -2 30 -1 8 -2 
