-2 15 -2 90 -1 14 -1 60 -1 37 -2 59 -1 97 -2 22 -2 94 -2 87 -2 6 -1 44 -1 10 -1 86 -2 
54 -1 73 -2 91 -1 97 -1 67 -2 40 -1 63 -2 42 -1 44 -2 33 -2 51 -2 85 -2 20 -2 38 -2 53 
-2 6 -1 68 -1 93 -1 66 -1 58 -2 73 -1 31 -1 81 -1 97 -1 22 -2 64 -1 81 -2 82 -1 84 -2 
66 -2 76 -2 95 -2 82 -2 94 -1 82 -2 20 -2 7 -2 33 -1 2 -1 40 -1 39 -1 44 -1 58 -1 15 
-2 78 -2 28 -2 19 -1 63 -1 4 -2 80 -2 47 -2 70 -1 76 -1 36 -1 70 -1 69 -2 46 -1 92 -2 
68 -1 26 -1 25 -2 13 -2 49 -1 94 -2 69 -2 37 -2 55 -2 68 -1 81 -2 27 -1 91 -2 18 -2 87 
-1 11 -2 70 -2 88 -2 75 -1 26 -1 47 -1 84 -1 17 -2 85 -2 7 -1 38 -2 87 -2 51 -1 33 -2 
14 -2 51 -2 40 -1 18 -1 9 -1 17 -2 67 -2 85 -1 78 -2 81 -2 11 -1 43 -2 97 -1 85 -2 98 
-1 75 -2 85 -2 60 -2 7 -1 86 -2 3 -1 94 -1 87 -1 14 -2 76 -2 26 -1 42 -2 67 -1 13 -1 
4 -1 45 -2 67 -2 55 -1 90 -1 3 -2 39 -1 99 -2 94 -2 71 -1 50 -2 1 -2 38 -1 98 -1 61 
-2 90 -2 18 -2 65 -1 12 -1 92 -1 77 -1 30 -1 25 -1 77 -2 77 -2 1 -2 30 -1 57 -2 26 -1 
48 -2 100 -2 17 -2 44 -1 68 -1 42 -2 70 -2 75 -2 42 -1 68 -1 28 -1 36 -1 9 -1 89 -2 94 
-1 96 -1 58 -2 1 -2 27 -2 34 -2 31 -2 88 -2 20 -1 43 -1 8 -1 67 -2 42 -1 100 -1 52 -2 
0 -1 61 -2 43 -1 3 -2 73 -1 63 -1 82 -2 35 -2 56 -2 71 -1 41 -1 38 -2 76 -2 76 -2 35 
-2 74 -1 57 -1 74 -2 77 -2 18 -2 7 -2 25 -1 80 -2 85 -2 61 -1 99 -2 82 -2 22 -2 61 -2 
86 -2 55 -2 28 -1 63 -2 69 -1 2 -2 22 -1 2 -2 77 -2 98 -2 16 -2 64 -2 71 -2 13 -2 4 
-1 58 -1 55 -2 3 -1 64 -1 21 -2 43 -2 92 -2 81 -2 72 -2 1 -2 77 -2 63 -1 93 -1 50 -2 
1 -1 43 -1 22 -1 18 -1 33 -2 28 -1 26 -1 93 -1 19 -1 35 -1 25 -2 6 -2 11 -2 86 -1 30 
-1 37 -2 65 -1 53 -2 21 -2 11 -1 12 -2 14 -2 91 -2 93 -1 17 -2 53 -1 9 -2 96 -2 75 -2 
41 -2 17 -2 89 -1 35 -2 52 -1 38 -2 97 -2 52 -1 10 -1 6 -2 70 -2 97 -1 73 -1 67 -1 45 
-2 34 -1 11 -1 39 -1 68 -2 37 -2 62 -1 34 -1 16 -1 91 -1 47 -2 98 -2 20 -2 83 -2 65 -1 
72 -2 46 -1 13 -1 47 -1 96 -1 56 -1 1 -2 98 -2 69 -2 2 -1 46 -2 63 -2 3 -1 96 -2 90 
-2 49 -2 10 -1 85 -2 34 -1 73 -1 66 -2 46 -1 31 -1 6 -1 56 -1 64 -2 58 -2 62 -2 30 -1 
42 -1 39 -1 74 -1 16 -2 23 -2 17 -1 94 -1 23 -2 86 -2 38 -2 19 -2 43 -2 1 -2 30 -2 52 
-1 2 -1 43 -2 85 -1 100 -2 37 -2 34 -1 39 -1 56 -2 20 -2 97 -1 41 -2 14 -2 26 -2 58 -2 
43 -1 45 -2 82 -2 13 -1 69 -2 37 -2 30 -1 74 -1 28 -2 29 -1 100 -1 58 -1 47 -2 37 -1 76 
-1 35 -1 7 -2 19 -1 76 -1 40 -1 86 -1 65 -1 58 -2 89 -1 82 -1 31 -1 79 -2 97 -2 41 -2 
66 -1 52 -2 80 -2 9 -2 61 -1 37 -2 92 -1 92 -2 100 -2 28 -1 96 -2 99 -1 90 -1 94 -2 64 
-1 17 -2 30 -2 8 -1 43 -2 75 -2 35 -2 96 -1 61 -1 60 -1 89 -2 52 -1 33 -2 100 -2 38 -2 
