-2 3 -1 77 -1 83 -2 44 -1 39 -2 90 -2 22 -2 90 -1 70 -1 56 -1 20 -1 25 -2 49 -1 54 -1 
99 -2 44 -1 12 -1 48 -2 90 -2 57 -1 77 -1 81 -2 98 -1 58 -2 29 -2 93 -2 23 -1 42 -1 66 
-2 29 -1 67 -1 1 -2 65 -1 11 -1 26 -2 79 -1 73 -2 15 -2 95 -2 33 -1 76 -1 42 -2 68 -1 
9 -1 75 -1 58 -1 46 -2 52 -2 14 -2 38 -1 41 -2 17 -2 4 -1 32 -2 40 -1 12 -1 23 -2 2 
-2 100 -2 100 -1 0 -1 52 -1 18 -1 32 -1 8 -2 82 -1 25 -1 54 -1 43 -2 66 -1 20 -1 4 -1 
62 -1 74 -1 90 -1 67 -1 57 -2 21 -2 47 -1 31 -2 43 -1 71 -1 93 -1 46 -2 7 -2 36 -1 59 
-1 64 -2 70 -2 63 -2 66 -1 92 -1 43 -1 38 -2 90 -1 20 -1 95 -1 54 -2 52 -2 43 -2 87 -2 
23 -1 92 -1 44 -2 92 -1 92 -1 56 -2 72 -2 36 -1 26 -2 34 -2 38 -1 64 -1 21 -2 4 -1 85 
-1 39 -2 45 -2 1 -2 18 -2 0 -2 95 -1 28 -1 14 -2 36 -2 13 -1 90 -2 46 -2 49 -2 80 -2 
18 -1 8 -1 38 -1 86 -2 92 -1 67 -1 30 -1 99 -1 87 -1 49 -2 99 -1 70 -1 21 -2 80 -2 26 
-2 65 -2 5 -1 48 -1 12 -1 75 -2 44 -1 21 -1 37 -1 3 -1 23 -1 15 -1 47 -2 92 -2 75 -1 
84 -1 50 -2 49 -2 58 -2 53 -1 9 -1 65 -2 73 -1 43 -1 20 -1 5 -1 69 -1 29 -1 1 -1 80 
-1 47 -2 67 -2 38 -1 35 -2 66 -2 67 -2 19 -2 47 -1 66 -2 61 -1 14 -1 67 -2 86 -1 51 -2 
100 -1 44 -2 19 -1 13 -2 79 -1 39 -1 94 -1 3 -2 32 -1 61 -2 24 -2 32 -1 58 -1 98 -1 8 
-2 52 -2 96 -1 11 -2 49 -2 61 -2 95 -1 65 -2 24 -1 63 -1 92 -2 97 -1 48 -2 68 -1 19 -1 
70 -1 64 -2 17 -1 70 -1 65 -1 57 -1 6 -1 80 -1 65 -1 16 -2 98 -1 88 -1 92 -2 35 -1 73 
-2 83 -1 85 -1 60 -1 93 -1 51 -1 91 -1 10 -2 87 -1 87 -1 90 -2 72 -2 1 -1 74 -2 56 -1 
18 -1 25 -1 56 -1 27 -2 58 -1 5 -2 35 -1 12 -2 8 -1 87 -2 10 -1 13 -2 89 -1 48 -1 22 
-1 31 -1 21 -1 35 -1 55 -2 48 -1 9 -2 66 -2 74 -1 18 -1 45 -1 23 -2 83 -1 32 -1 62 -1 
52 -1 96 -2 18 -2 99 -1 53 -1 61 -2 21 -2 16 -1 6 -2 28 -2 59 -2 75 -2 7 -1 28 -2 85 
-1 16 -2 76 -2 51 -1 82 -1 88 -2 46 -1 85 -2 4 -2 17 -2 4 -2 33 -1 18 -2 45 -2 22 -2 
88 -2 93 -2 5 -2 10 -1 46 -1 90 -1 15 -2 28 -2 63 -2 68 -1 34 -1 52 -2 93 -1 99 -1 42 
-2 71 -1 45 -1 98 -2 63 -1 51 -2 0 -2 45 -1 4 -2 88 -1 0 -2 5 -2 88 -1 7 -1 71 -2 
50 -2 99 -2 63 -1 0 -1 87 -2 48 -1 44 -1 42 -1 86 -2 16 -2 77 -1 78 -2 86 -1 76 -1 35 
-1 12 -1 35 -1 38 -1 19 -2 60 -2 62 -1 31 -2 20 -1 65 -1 49 -1 51 -2 4 -2 68 -2 7 -1 
40 -2 65 -1 87 -1 66 -2 76 -1 21 -2 83 -1 57 -2 30 -1 96 -1 11 -1 76 -1 30 -1 6 -1 43 
-1 30 -2 71 -2 16 -2 53 -2 24 -1 57 -1 65 -2 66 -2 41 -1 42 -1 84 -2 25 -2 18 -2 31 -1 
4 -2 93 -2 51 -1 58 -2 13 -2 87 -2 58 -1 85 -1 99 -1 10 -1 28 -1 61 -1 3 -2 4 -2 3 
-2 45 -1 58 -2 28 -1 62 -2 75 -1 92 -2 64 -2 19 -2 76 -1 31 -2 84 -2 74 -2 6 -2 97 -2 
