-2 50 -1 18 -1 33 -1 71 -2 53 -2 56 -2 21 -2 25 -2 59 -1 95 -1 94 -1 9 -1 87 -2 47 -1 
76 -2 95 -1 30 -2 85 -2 65 -2 80 -1 52 -2 1 -2 8 -1 73 -2 3 -1 4 -2 35 -1 10 -2 72 
-2 21 -2 79 -2 60 -2 74 -2 78 -2 88 -1 64 -1 90 -2 82 -1 72 -2 75 -1 41 -1 4 -1 92 -2 
15 -2 36 -2 37 -2 93 -1 18 -1 87 -2 94 -2 26 -1 75 -2 69 -2 44 -2 5 -1 23 -1 31 -1 75 
-2 59 -1 90 -2 95 -2 26 -2 87 -1 70 -1 77 -1 69 -2 74 -1 66 -1 98 -1 45 -2 81 -1 65 -2 
40 -2 55 -1 78 -2 1 -2 75 -2 35 -1 5 -1 36 -2 30 -1 25 -2 57 -2 51 -2 8 -2 80 -2 27 
-1 81 -2 7 -2 13 -1 97 -2 11 -2 79 -1 48 -2 20 -1 28 -1 72 -2 16 -1 13 -1 12 -2 22 -2 
81 -2 23 -2 92 -1 92 -1 16 -1 10 -1 61 -2 98 -2 49 -2 36 -1 86 -1 4 -1 3 -2 30 -1 90 
-2 2 -1 13 -2 72 -1 91 -2 14 -2 98 -1 96 -1 47 -1 78 -2 78 -1 6 -2 64 -1 74 -2 15 -2 
96 -1 14 -2 46 -2 99 -2 56 -2 37 -2 4 -2 25 -2 50 -2 1 -2 35 -1 42 -2 98 -2 19 -1 51 
-2 22 -2 10 -2 96 -2 1 -2 54 -2 94 -2 91 -1 93 -2 59 -2 55 -1 48 -1 56 -2 81 -1 57 -1 
68 -2 51 -2 46 -2 59 -1 20 -2 95 -1 39 -1 38 -1 81 -2 96 -2 24 -1 86 -1 24 -2 89 -1 76 
-1 4 -2 9 -2 1 -2 0 -2 96 -1 33 -1 64 -2 57 -1 70 -1 91 -1 77 -1 56 -2 88 -2 97 -1 
38 -2 43 -2 98 -2 90 -1 82 -1 80 -1 38 -1 63 -1 49 -2 20 -1 59 -1 34 -1 5 -2 40 -1 49 
-1 51 -2 1 -2 2 -2 2 -2 94 -1 100 -1 40 -2 47 -1 72 -1 79 -1 0 -2 9 -2 11 -2 42 -1 
52 -1 70 -2 79 -2 26 -2 49 -2 42 -2 100 -1 29 -1 54 -1 35 -2 7 -1 44 -1 11 -2 75 -2 76 
-1 11 -2 36 -1 2 -1 31 -2 73 -1 60 -2 89 -1 24 -1 12 -1 4 -2 47 -1 28 -1 64 -1 92 -1 
45 -2 86 -1 32 -1 67 -2 80 -1 88 -2 63 -1 14 -1 21 -1 42 -1 62 -2 91 -1 91 -2 87 -2 13 
-2 30 -2 53 -2 0 -1 62 -2 64 -1 15 -1 16 -1 30 -1 71 -1 74 -1 21 -1 49 -2 57 -2 66 -2 
29 -1 88 -2 20 -1 60 -1 82 -2 29 -1 46 -1 33 -1 35 -1 23 -1 21 -1 1 -1 51 -1 17 -2 16 
-1 42 -2 19 -2 78 -1 73 -2 43 -2 40 -2 17 -2 2 -1 24 -1 85 -1 47 -2 67 -2 76 -1 7 -1 
53 -1 16 -2 49 -2 95 -1 47 -2 77 -1 74 -2 60 -2 53 -1 49 -1 85 -2 58 -1 20 -1 94 -1 11 
-1 83 -2 13 -1 40 -2 0 -2 99 -2 61 -2 22 -2 47 -2 63 -1 60 -1 58 -1 47 -2 86 -1 52 -2 
5 -2 55 -2 2 -2 6 -2 58 -1 61 -2 50 -2 18 -2 27 -2 6 -1 17 -2 84 -2 75 -2 51 -1 59 
-1 43 -2 53 -2 95 -1 61 -1 15 -2 71 -1 25 -2 29 -2 32 -2 95 -2 73 -2 86 -1 56 -1 43 -2 
68 -1 16 -1 82 -1 64 -2 65 -1 62 -2 82 -1 66 -1 27 -1 55 -2 75 -1 4 -2 28 -2 69 -1 17 
-2 12 -2 48 -1 99 -1 55 -1 92 -2 56 -1 94 -1 68 -2 71 -2 11 -1 8 -1 91 -2 73 -2 68 -2 
62 -2 78 -1 18 -2 62 -1 38 -1 89 -1 95 -1 50 -2 12 -2 64 -1 72 -2 71 -2 23 -1 47 -2 84 
-2 59 -2 43 -1 80 -2 20 -1 57 -1 34 -2 24 -1 28 -2 50 -2 73 -2 27 -2 92 -2 80 -2 46 -2 
