0 0 0 1 52
0 0 1 0 28
0 1 0 2 59
0 1 1 1 91
0 2 1 2 15
0 14 1 14 78
1 0 1 1 84
1 0 2 0 15
1 1 1 2 81
1 1 2 1 60
1 2 2 2 9
1 4 2 4 26
1 13 1 14 66
1 14 2 14 64
2 0 2 1 61
2 1 2 2 81
2 1 3 1 78
2 2 2 3 13
2 3 2 4 83
2 4 3 4 49
2 9 2 10 46
2 10 2 11 40
2 10 3 10 49
2 14 3 14 40
3 4 3 5 40
3 5 3 6 45
3 6 4 6 60
3 8 4 8 91
3 14 4 14 61
4 6 4 7 13
4 7 4 8 12
4 7 5 7 43
4 8 5 8 16
4 11 4 12 30
4 11 5 11 17
4 12 4 13 89
4 13 4 14 12
4 14 5 14 95
5 0 5 1 30
5 0 6 0 19
5 7 5 8 80
5 7 6 7 91
5 11 6 11 74
5 14 6 14 3
6 0 7 0 45
6 3 7 3 100
6 5 6 6 87
6 6 6 7 80
6 6 7 6 76
6 7 7 7 12
6 9 7 9 32
6 11 7 11 17
6 14 7 14 91
7 0 7 1 41
7 1 7 2 86
7 1 8 1 97
7 2 7 3 34
7 2 8 2 49
7 3 7 4 55
7 4 8 4 78
7 6 7 7 89
7 6 8 6 19
7 7 7 8 9
7 8 7 9 1
7 9 8 9 10
7 11 8 11 46
8 1 8 2 29
8 6 9 6 87
8 9 8 10 54
8 9 9 9 60
8 10 8 11 7
8 11 8 12 22
8 12 8 13 57
8 12 9 12 61
8 13 9 13 66
9 12 9 13 69
9 12 10 12 100
9 13 10 13 51
10 2 10 3 64
10 2 11 2 13
10 3 10 4 24
10 4 10 5 83
10 4 11 4 20
10 5 11 5 33
10 10 11 10 27
10 12 10 13 52
10 13 10 14 19
10 13 11 13 43
10 14 11 14 46
11 0 12 0 100
11 4 11 5 18
11 4 12 4 96
11 5 12 5 97
11 8 12 8 28
11 10 11 11 42
11 13 11 14 36
11 13 12 13 6
11 14 12 14 48
12 0 12 1 15
12 4 12 5 77
12 4 13 4 91
12 5 12 6 53
12 8 12 9 40
12 9 13 9 8
12 12 12 13 61
12 13 12 14 73
12 13 13 13 92
12 14 13 14 15
13 9 13 10 27
13 9 14 9 57
13 10 13 11 88
13 10 14 10 91
13 13 13 14 52
13 13 14 13 42
13 14 14 14 27
14 9 14 10 9
14 13 14 14 11
